[camera]
F = [[1273.5096931699643, 0.0, 281.6342455704224,],[0.0, 1274.412923337173, 356.51342207682484,],[0.0, 0.0, 1.0,],]
#F = [ [ 3389.671543287314, 0.0, 287.68795574983807,], [ 0.0, 3393.2172840355342, 378.0348915503165,], [ 0.0, 0.0, 1.0,],]
C = [-0.22375498735597868, 0.28173237030830756, 0.0023061024316095753, -0.002034056774360411, -2.3013327557759515,]

[bridge]
use_can = false
serial_name = "/dev/ttyUSB0"
serial_rate = 115200
send_id = 0x001
recv_id = 0x002

[sensor]
[sensor.camera]
serial_number = ""
exposure_time_mine = 200.0
exposure_time_exchangesite = 30.0
frame_rate = 30
frame_width = 1280
frame_height = 720
operator_cam_index = 1
vision_cam_index = 1

[visual]
[visual.camera]
visual_status = 1
view = 0
camp = 1

[visual.transform]
tran_tvecx = 127.0
tran_tvecy = -13.0
tran_tvecz = 57.5
