[camera]
F = [ [ 645.528551386681, 0.0, 714.2177112955961,], [ 0.0, 645.6321217322969, 380.85585205106514,], [ 0.0, 0.0, 1.0,],]
C = [ -0.05640793647468217, 0.13839932739052765, 0.0008973923147196129, 0.0006277720031867564, -0.11738628647273942,]

#F = [ [ 887.2491874026911, 0.0, 622.2122954082711,], [ 0.0, 888.0495172048629, 381.3741434010061,], [ 0.0, 0.0, 1.0,],]
#C = [ 0.05224656269520069, -0.06683298601863932, 0.0004439441777461764, 0.0012095725267511495, 0.026569798036020168,]


[bridge]
use_can = false
serial_name = "/dev/ttyUSB0"
serial_rate = 115200
send_id = 0x001
recv_id = 0x002

[sensor]
[sensor.camera]
serial_number = ""
exposure_time_mine = 300.0
exposure_time_exchangesite = 70.0
frame_rate = 60
frame_width = 1280
frame_height = 720
operator_cam_index = 0
vision_cam_index = 0

[visual]
[visual.camera]
visual_status = 1
view = 0
camp = 1

[visual.transform]
tran_tvecx = 173.0
tran_tvecy = 38.0
tran_tvecz = 40.0
bias_tevcx = 0.0
bias_tevcy = 0.0
bias_tevcz = -25.0

[calibration]
cali_x = 300.0
cali_y = 0.0
cali_z = 300.0
cali_roll = 90.0
cali_yaw = 0.0
cali_pitch = 90.0


[traditional]
[traditional.gold]
gold_thresh = 70
gold_maxval = 255
#框选单角点ROI
bound_small = 80
bound_big = 180
w = 300
h = 300
#黑色角点筛选
ratio_thres = 0.6
area_ratio_thres = 0.6
corner_thresh = 130  # >130 -> White     < 130 -> black  (higher threshold, more black)
ratio_thres_min = 0.3
area_ratio_thres_min = 0.3
corner_contour_area_min = 800
corner_contour_area_max = 6000
corner_rec_area_max = 1200

[traditional.changesite]
site_min_rate = 0.3
site_max_rate = 3.0
site_min_area = 400.0
site_max_area = 12000.0
site_area_rate = 0.7


