[camera]
F = [ [ 1256.9280296699624, 0.0, 312.44041096950383,], [ 0.0, 1256.4609225936297, 327.71713014090795,], [ 0.0, 0.0, 1.0,],]
C = [ -0.05411380284100289, -0.6689125042244198, 0.002356866736679422, -0.0006015326387886478, 9.39339588701709,]
[cam2pitch]
R = [
	[0.0134601325108765, -0.0142582819399831, 0.999807744633392, ],
	[-0.999812245146142, 0.0137470563944391, 0.0136562401970462, ],
	[-0.0139391279720418, -0.999803840679064, -0.0140705676776374, ],
]
T = [0.124771541825501, 0.032992686936445, -0.084783684958881, ]

[pitch2yaw]
T = [0.0, 0.0, 0.0, ]

[EKF]
Ke = [1.0, 1.0, 0.4]
P = [1.0, 1.0, 1.0, 0.6, 0.6, 0.6]
Q = [0.1, 0.1, 0.0001, 100.0, 100.0, 100.0]
R = [50.0, 50.0, 10.0]

[SEKF]
P = [1.0, 1.0, 1.0, 100.0, 100.0]
Q = [0.1, 0.1, 0.1, 100.0, 100.0]
R = [30.0, 1.0, 100.0]
Ke = [0.4, 1.0, 1.0]

[CKF]
P = [1.0, 1.0, 1.0, 1.0, 1.0]
Q = [0.1, 0.1, 0.1, 100.0, 100.0]
R = [30.0, 30.0, 100.0]
Ke = [0.4, 0.1, 1.0]

[BWM_EKF]
Q = [
  [0.0001, 0.0, 0.0, 0.0, 0.0, 0.0],
  [0.0, 0.0001, 0.0, 0.0, 0.0, 0.0],
  [0.0, 0.0, 0.0001, 0.0, 0.0, 0.0],
  [0.0, 0.0, 0.0, 0.0001, 0.0, 0.0],
  [0.0, 0.0, 0.0, 0.0, 0.0001, 0.0],
  [0.0, 0.0, 0.0, 0.0, 0.0, 0.0001],
]
R = [
  [0.5, 0.0],
  [0.0, 0.5],
]

[SWM_EKF]
Q = [
  [0.0001, 0.0],
  [0.0, 0.0001],
]
R = [
  [0.5, 0.0],
  [0.0, 0.5],
]

[ballistic]
yaw2gun_offset = 0.00
S = [0.0, -0.0, 0.05]
big_k1 = 1.08
big_k2 = 1.05
big_k3 = 1.0
big_k4 = 1.02
big_x_thresh = 9.0
big_y_thresh = 3.0
small_k1 = 1.0
small_k2 = 1.0
small_k3 = 1.0
small_k4 = 1.0
small_x_thresh = 10.0
small_y_thresh = 4.0
yaw_offset = 1.0
pitch_offset = 2.0
table_9 = "models/big_9.dat"
table_15 = "models/small_15.dat"
table_16 = "models/big_16.dat"
table_18 = "models/small_18.dat"
table_30 = "models/small_30.dat"

[BWMballistic]
S = [0.0, 0.0, 0.03]
big_k1 = 1.05
big_k2 = 1.005
big_x_thresh = 9.0
big_y_thresh = 3.0
debug_mode = 0
flying_delay = 1.5
prepare_time = 0.5
shoot_delay = 0.1
small_k1 = 1.38
small_k2 = 1.38
small_k3 = 1.0
small_k4 = 1.0
small_x_thresh = 10.0
small_y_thresh = 4.0
switch_delay = 1.0
yaw_offset = 0.0
pitch_offset = 0.0

[SWMballistic]
S = [0.0, 0.0, 0.03]
big_k1 = 1.05
big_k2 = 1.005
big_x_thresh = 9.0
big_y_thresh = 3.0
debug_mode = 0
flying_delay = 0.6
prepare_time = 0.5
shoot_delay = 0.1
small_k1 = 1.38
small_k2 = 1.38
small_k3 = 1.0
small_k4 = 1.0
small_x_thresh = 10.0
small_y_thresh = 4.0
switch_delay = 0.2
yaw_offset = 0.3
pitch_offset = 0.0

[etc]
interframe_dis_thresh = 0.08617
robot_2armor_dis_thresh = 1.0
census_period = 1.0
census_period_min = 0.3
census_period_max = 1.5
reset_time = 0.00
reset_time_bubing = 0.22
reset_time_shaobing = 0.22

anti_rot_judging_T = 1.5
change_thresh = 2
circle_time = 2.0
gimbal_error_dis_thresh = 0.03

dis_limit = 7.0
dis_thresh = 6.0
high_thresh = 1.0
sight_limit = 10.0

Inertia = 100 
S_thresh = 200.0 # 过滤面积小于此值的目标
big_aspect_thresh = 1.6 #当大装甲板处于40度时宽高比 公式m*sin(40)/n
response_delay = 0.02
shoot_delay = 0.080
small_aspect_thresh = 0.8 #当小装甲板处于40度时宽高比
S_rate_thresh = 1.3

enemy_armor_type = [0, 1, 0, 0, 0, 0, 0, 0, 1]
#               id  0, 1, 2, 3, 4, 5, 6, 7, 8
pnp_compensate = [1.0, 1.0, 1.0]

# 操作手交互相关
collimation_x = 320
collimation_y = 320
switch_dis2d_ratio_thresh = 0.2

[debug]
debug_value_1 = 0.9
debug_value_2 = 0.0
debug_value_3 = 0.0
debug_int_1 = 0
debug_int_2 = 0

show_prediction = false
show_inverted_prediction = true
